#
0 0 1 1
176 25 37
      0.00  7924.01  4216.57  3381.91 0 0 0 0 0
  10278.70  7923.39  4215.92  3381.21 0 0 0 0 0
  20557.40  7922.71  4215.21  3380.44 0 0 0 0 0
  30836.10  7921.97  4214.43  3379.61 0 0 0 0 0
  41114.79  7921.17  4213.60  3378.71 0 0 0 0 0
  51393.49  7920.32  4212.70  3377.74 0 0 0 0 0
  61672.19  7919.41  4211.75  3376.71 0 0 0 0 0
  71950.89  7918.44  4210.74  3375.62 0 0 0 0 0
  82229.59  7917.41  4209.66  3374.46 0 0 0 0 0
  92508.28  7916.33  4208.53  3373.24 0 0 0 0 0
 102786.98  7915.20  4207.35  3371.96 0 0 0 0 0
 113065.68  7914.01  4206.10  3370.61 0 0 0 0 0
 123344.38  7912.76  4204.80  3369.21 0 0 0 0 0
 133623.08  7911.46  4203.44  3367.74 0 0 0 0 0
 143901.77  7910.11  4202.03  3366.22 0 0 0 0 0
 154180.47  7908.71  4200.56  3364.63 0 0 0 0 0
 164459.17  7907.25  4199.03  3362.98 0 0 0 0 0
 174737.87  7905.74  4197.46  3361.28 0 0 0 0 0
 185016.57  7904.19  4195.82  3359.51 0 0 0 0 0
 195295.27  7902.57  4194.14  3357.69 0 0 0 0 0
 205573.96  7900.91  4192.40  3355.81 0 0 0 0 0
 215852.66  7899.20  4190.60  3353.87 0 0 0 0 0
 226131.36  7897.45  4188.77  3351.89 0 0 0 0 0
 236410.06  7895.59  4186.83  3349.79 0 0 0 0 0
 240000.00  7894.98  4186.18  3349.09 0 0 0 0 0
 240000.00  5136.06  3854.34     0.00 0 0 0 0 0
 246688.76  5135.09  3852.90     0.00 0 0 0 0 0
 256967.46  5133.67  3850.81     0.00 0 0 0 0 0
 267246.15  5132.15  3848.57     0.00 0 0 0 0 0
 277524.85  5130.62  3846.30     0.00 0 0 0 0 0
 287803.55  5129.04  3843.97     0.00 0 0 0 0 0
 298082.25  5127.42  3841.59     0.00 0 0 0 0 0
 308360.95  5125.77  3839.15     0.00 0 0 0 0 0
 318639.65  5124.09  3836.67     0.00 0 0 0 0 0
 328918.34  5122.33  3834.08     0.00 0 0 0 0 0
 330000.00  5122.15  3833.81     0.00 0 0 0 0 0
 330000.00  3578.64  6436.13  4704.94 0 0 0 0 0
 339197.04  3577.18  6430.91  4700.73 0 0 0 0 0
 349475.74  3575.57  6425.14  4696.03 0 0 0 0 0
 359754.44  3573.94  6419.29  4691.32 0 0 0 0 0
 370033.14  3572.31  6413.43  4686.62 0 0 0 0 0
 380311.83  3570.67  6407.56  4681.93 0 0 0 0 0
 390590.53  3569.02  6401.66  4677.26 0 0 0 0 0
 400869.23  3567.37  6395.75  4672.59 0 0 0 0 0
 411147.93  3565.72  6389.82  4667.94 0 0 0 0 0
 421426.63  3564.07  6383.87  4663.30 0 0 0 0 0
 431705.33  3562.40  6377.90  4658.68 0 0 0 0 0
 441984.02  3560.74  6371.93  4654.07 0 0 0 0 0
 452262.72  3559.07  6365.93  4649.47 0 0 0 0 0
 462541.42  3557.40  6359.92  4644.89 0 0 0 0 0
 472820.12  3555.72  6353.89  4640.32 0 0 0 0 0
 483098.82  3554.04  6347.85  4635.77 0 0 0 0 0
 493377.52  3552.36  6341.80  4631.24 0 0 0 0 0
 503656.21  3550.67  6335.73  4626.71 0 0 0 0 0
 513934.91  3548.98  6329.65  4622.21 0 0 0 0 0
 524213.61  3547.29  6323.56  4617.72 0 0 0 0 0
 534492.31  3545.60  6317.45  4613.25 0 0 0 0 0
 544771.01  3543.90  6311.33  4608.80 0 0 0 0 0
 555049.70  3542.20  6305.20  4604.36 0 0 0 0 0
 565328.40  3540.49  6299.05  4599.94 0 0 0 0 0
 575607.10  3538.79  6292.90  4595.54 0 0 0 0 0
 585885.80  3537.08  6286.73  4591.16 0 0 0 0 0
 596164.50  3535.37  6280.55  4586.79 0 0 0 0 0
 606443.20  3533.66  6274.37  4582.45 0 0 0 0 0
 616721.89  3531.94  6268.17  4578.12 0 0 0 0 0
 627000.59  3530.23  6261.96  4573.81 0 0 0 0 0
 637279.29  3528.51  6255.74  4569.52 0 0 0 0 0
 647557.99  3526.79  6249.51  4565.26 0 0 0 0 0
 657836.69  3525.06  6243.27  4561.01 0 0 0 0 0
 668115.38  3523.34  6237.02  4556.78 0 0 0 0 0
 678394.08  3521.61  6230.77  4552.57 0 0 0 0 0
 688672.78  3519.89  6224.50  4548.38 0 0 0 0 0
 698951.48  3518.16  6218.23  4544.21 0 0 0 0 0
 709230.18  3516.43  6211.94  4540.07 0 0 0 0 0
 719508.88  3514.70  6205.65  4535.94 0 0 0 0 0
 729787.57  3512.96  6199.35  4531.84 0 0 0 0 0
 740066.27  3511.23  6193.05  4527.75 0 0 0 0 0
 750344.97  3509.49  6186.73  4523.69 0 0 0 0 0
 760623.67  3507.76  6180.41  4519.65 0 0 0 0 0
 770902.37  3506.02  6174.07  4515.63 0 0 0 0 0
 781181.06  3504.28  6167.74  4511.63 0 0 0 0 0
 791459.76  3502.54  6161.39  4507.66 0 0 0 0 0
 801738.46  3500.80  6155.04  4503.71 0 0 0 0 0
 812017.16  3499.06  6148.68  4499.78 0 0 0 0 0
 822295.86  3497.32  6142.31  4495.87 0 0 0 0 0
 832574.56  3495.57  6135.94  4491.99 0 0 0 0 0
 842853.25  3493.83  6129.56  4488.13 0 0 0 0 0
 853131.95  3492.09  6123.17  4484.29 0 0 0 0 0
 863410.65  3490.34  6116.78  4480.48 0 0 0 0 0
 873689.35  3488.59  6110.38  4476.68 0 0 0 0 0
 883968.05  3486.85  6103.97  4472.92 0 0 0 0 0
 894246.75  3485.10  6097.56  4469.17 0 0 0 0 0
 904525.44  3483.36  6091.14  4465.45 0 0 0 0 0
 914804.14  3481.61  6084.72  4461.76 0 0 0 0 0
 925082.84  3479.86  6078.29  4458.09 0 0 0 0 0
 935361.54  3478.11  6071.85  4454.44 0 0 0 0 0
 945640.24  3476.36  6065.41  4450.82 0 0 0 0 0
 955918.93  3474.62  6058.96  4447.22 0 0 0 0 0
 966197.63  3472.87  6052.51  4443.64 0 0 0 0 0
 976476.33  3471.12  6046.05  4440.09 0 0 0 0 0
 986755.03  3469.37  6039.59  4436.57 0 0 0 0 0
 997033.73  3467.62  6033.12  4433.07 0 0 0 0 0
1007312.43  3465.87  6026.64  4429.60 0 0 0 0 0
1017591.12  3464.12  6020.16  4426.15 0 0 0 0 0
1027869.82  3462.37  6013.67  4422.73 0 0 0 0 0
1038148.52  3460.62  6007.18  4419.33 0 0 0 0 0
1048427.22  3458.87  6000.68  4415.96 0 0 0 0 0
1058705.92  3457.12  5994.18  4412.61 0 0 0 0 0
1068984.61  3455.37  5987.67  4409.29 0 0 0 0 0
1079263.31  3453.62  5981.15  4406.00 0 0 0 0 0
1089542.01  3451.87  5974.63  4402.73 0 0 0 0 0
1099820.71  3450.12  5968.11  4399.49 0 0 0 0 0
1110099.41  3448.37  5961.58  4396.27 0 0 0 0 0
1120378.11  3446.62  5955.04  4393.08 0 0 0 0 0
1130656.81  3444.87  5948.49  4389.92 0 0 0 0 0
1140935.50  3443.12  5941.95  4386.78 0 0 0 0 0
1151214.20  3441.37  5935.39  4383.67 0 0 0 0 0
1161492.90  3439.62  5928.83  4380.59 0 0 0 0 0
1171771.60  3437.86  5922.26  4377.53 0 0 0 0 0
1182050.30  3436.12  5915.69  4374.50 0 0 0 0 0
1192328.99  3434.36  5909.11  4371.50 0 0 0 0 0
1202607.69  3432.61  5902.52  4368.52 0 0 0 0 0
1212886.39  3430.86  5895.93  4365.57 0 0 0 0 0
1223165.09  3429.11  5889.33  4362.65 0 0 0 0 0
1233443.79  3427.36  5882.73  4359.75 0 0 0 0 0
1243722.49  3425.61  5876.11  4356.89 0 0 0 0 0
1254001.18  3423.86  5869.49  4354.05 0 0 0 0 0
1264279.88  3422.11  5862.87  4351.23 0 0 0 0 0
1274558.58  3420.36  5856.23  4348.45 0 0 0 0 0
1284837.28  3418.61  5849.59  4345.69 0 0 0 0 0
1295115.98  3416.86  5842.94  4342.96 0 0 0 0 0
1305394.68  3415.11  5836.28  4340.26 0 0 0 0 0
1315673.37  3413.35  5829.61  4337.58 0 0 0 0 0
1325952.07  3411.60  5822.94  4334.93 0 0 0 0 0
1336230.77  3409.85  5816.26  4332.31 0 0 0 0 0
1346509.47  3408.09  5809.56  4329.72 0 0 0 0 0
1356788.17  3406.34  5802.86  4327.15 0 0 0 0 0
1367066.86  3404.59  5796.15  4324.62 0 0 0 0 0
1377345.56  3402.83  5789.43  4322.11 0 0 0 0 0
1387624.26  3401.08  5782.70  4319.63 0 0 0 0 0
1397902.96  3399.32  5775.96  4317.17 0 0 0 0 0
1408181.66  3397.57  5769.20  4314.75 0 0 0 0 0
1418460.36  3395.81  5762.44  4312.35 0 0 0 0 0
1428739.05  3394.05  5755.67  4309.98 0 0 0 0 0
1439017.75  3392.30  5748.88  4307.64 0 0 0 0 0
1449296.45  3390.54  5742.08  4305.32 0 0 0 0 0
1459575.15  3388.78  5735.27  4303.04 0 0 0 0 0
1469853.85  3387.02  5728.45  4300.78 0 0 0 0 0
1480132.54  3385.25  5721.61  4298.55 0 0 0 0 0
1490411.24  3383.49  5714.76  4296.35 0 0 0 0 0
1500689.94  3381.73  5707.90  4294.17 0 0 0 0 0
1510968.64  3379.96  5701.02  4292.03 0 0 0 0 0
1521247.34  3378.19  5694.12  4289.91 0 0 0 0 0
1531526.04  3376.43  5687.21  4287.82 0 0 0 0 0
1541804.73  3374.66  5680.28  4285.76 0 0 0 0 0
1552083.43  3372.88  5673.34  4283.72 0 0 0 0 0
1562362.13  3371.11  5666.38  4281.71 0 0 0 0 0
1572640.83  3369.34  5659.41  4279.73 0 0 0 0 0
1582919.53  3367.56  5652.41  4277.78 0 0 0 0 0
1593198.23  3365.78  5645.39  4275.86 0 0 0 0 0
1603476.92  3364.00  5638.36  4273.96 0 0 0 0 0
1613755.62  3362.22  5631.30  4272.09 0 0 0 0 0
1624034.32  3360.43  5624.22  4270.25 0 0 0 0 0
1634313.02  3358.64  5617.12  4268.44 0 0 0 0 0
1644591.72  3356.85  5610.00  4266.65 0 0 0 0 0
1654870.41  3355.06  5602.86  4264.89 0 0 0 0 0
1665149.11  3353.27  5595.69  4263.16 0 0 0 0 0
1675427.81  3351.47  5588.49  4261.45 0 0 0 0 0
1685706.51  3349.67  5581.29  4259.78 0 0 0 0 0
1695985.21  3347.84  5573.97  4258.11 0 0 0 0 0
1697100.00  3347.65  5573.18  4257.93 0 0 0 0 0
1697100.00  2863.85  5174.03  3616.52 0 0 0 0 0
1706263.91  2862.30  5169.71  3615.55 0 0 0 0 0
1716542.60  2860.57  5161.55  3614.46 0 0 0 0 0
1726821.30  2858.81  5154.49  3613.36 0 0 0 0 0
1737100.00  2857.05  5160.02  3612.30 0 0 0 0 0
