#
0 0 1 1
176 0 0
      0.00  7941.24  4234.58  3401.34 0 0 0 0 0
  10278.70  7940.69  4234.00  3400.72 0 0 0 0 0
  20557.40  7940.06  4233.34  3400.01 0 0 0 0 0
  30836.10  7939.35  4232.61  3399.21 0 0 0 0 0
  41114.79  7938.57  4231.79  3398.33 0 0 0 0 0
  51393.49  7937.72  4230.90  3397.37 0 0 0 0 0
  61672.19  7936.79  4229.93  3396.32 0 0 0 0 0
  71950.89  7935.80  4228.89  3395.20 0 0 0 0 0
  82229.59  7934.73  4227.77  3393.99 0 0 0 0 0
  92508.28  7933.59  4226.58  3392.71 0 0 0 0 0
 102786.98  7932.38  4225.32  3391.35 0 0 0 0 0
 113065.68  7931.11  4223.98  3389.91 0 0 0 0 0
 123344.38  7929.76  4222.58  3388.40 0 0 0 0 0
 133623.08  7928.36  4221.11  3386.81 0 0 0 0 0
 143901.77  7926.88  4219.57  3385.15 0 0 0 0 0
 154180.47  7925.35  4217.96  3383.42 0 0 0 0 0
 164459.17  7923.74  4216.29  3381.61 0 0 0 0 0
 174737.87  7922.08  4214.55  3379.73 0 0 0 0 0
 185016.57  7920.35  4212.74  3377.78 0 0 0 0 0
 195295.27  7918.57  4210.87  3375.77 0 0 0 0 0
 205573.96  7916.72  4208.94  3373.68 0 0 0 0 0
 215852.66  7914.81  4206.95  3371.53 0 0 0 0 0
 226131.36  7912.85  4204.89  3369.31 0 0 0 0 0
 236410.06  7910.82  4202.77  3367.02 0 0 0 0 0
 246688.76  7908.74  4200.59  3364.67 0 0 0 0 0
 256967.46  7906.61  4198.36  3362.25 0 0 0 0 0
 267246.15  7904.41  4196.06  3359.77 0 0 0 0 0
 277524.85  7902.16  4193.71  3357.23 0 0 0 0 0
 287803.55  7899.86  4191.29  3354.62 0 0 0 0 0
 298082.25  7897.50  4188.83  3351.95 0 0 0 0 0
 308360.95  7895.09  4186.30  3349.22 0 0 0 0 0
 318639.65  7892.65  4183.74  3346.46 0 0 0 0 0
 328918.34  7890.04  4181.01  3343.50 0 0 0 0 0
 330000.00  7889.78  4180.74  3343.21 0 0 0 0 0
 330000.00  3601.31  6173.02  3938.93 0 0 0 0 0
 339197.04  3599.82  6167.88  3934.86 0 0 0 0 0
 349475.74  3598.21  6162.32  3930.46 0 0 0 0 0
 359754.44  3596.53  6156.50  3925.85 0 0 0 0 0
 370033.14  3594.86  6150.72  3921.26 0 0 0 0 0
 380311.83  3593.18  6144.88  3916.63 0 0 0 0 0
 390590.53  3591.49  6139.01  3911.98 0 0 0 0 0
 400869.23  3589.79  6133.11  3907.31 0 0 0 0 0
 411147.93  3588.09  6127.18  3902.61 0 0 0 0 0
 421426.63  3586.38  6121.22  3897.89 0 0 0 0 0
 431705.33  3584.67  6115.24  3893.15 0 0 0 0 0
 441984.02  3582.94  6109.22  3888.38 0 0 0 0 0
 452262.72  3581.22  6103.17  3883.59 0 0 0 0 0
 462541.42  3579.48  6097.10  3878.78 0 0 0 0 0
 472820.12  3577.74  6091.00  3873.94 0 0 0 0 0
 480000.00  3576.54  6086.77  3870.59 0 0 0 0 0
 480000.00  3556.41  6356.00  4639.07 0 0 0 0 0
 483098.82  3555.89  6354.11  4637.70 0 0 0 0 0
 493377.52  3554.14  6347.85  4633.10 0 0 0 0 0
 503656.21  3552.39  6341.58  4628.52 0 0 0 0 0
 513934.91  3550.64  6335.30  4623.95 0 0 0 0 0
 524213.61  3548.89  6329.00  4619.40 0 0 0 0 0
 534492.31  3547.14  6322.69  4614.87 0 0 0 0 0
 544771.01  3545.38  6316.37  4610.35 0 0 0 0 0
 555049.70  3543.61  6310.04  4605.85 0 0 0 0 0
 565328.40  3541.85  6303.69  4601.37 0 0 0 0 0
 575607.10  3540.08  6297.33  4596.91 0 0 0 0 0
 585885.80  3538.32  6290.96  4592.46 0 0 0 0 0
 596164.50  3536.54  6284.58  4588.03 0 0 0 0 0
 606443.20  3534.77  6278.19  4583.62 0 0 0 0 0
 616721.89  3533.00  6271.78  4579.23 0 0 0 0 0
 627000.59  3531.22  6265.37  4574.86 0 0 0 0 0
 637279.29  3529.44  6258.95  4570.51 0 0 0 0 0
 647557.99  3527.66  6252.53  4566.18 0 0 0 0 0
 657836.69  3525.88  6246.09  4561.87 0 0 0 0 0
 668115.38  3524.10  6239.64  4557.58 0 0 0 0 0
 678394.08  3522.32  6233.19  4553.31 0 0 0 0 0
 688672.78  3520.53  6226.73  4549.07 0 0 0 0 0
 698951.48  3518.74  6220.26  4544.84 0 0 0 0 0
 709230.18  3516.96  6213.78  4540.63 0 0 0 0 0
 719508.88  3515.17  6207.30  4536.45 0 0 0 0 0
 729787.57  3513.38  6200.82  4532.28 0 0 0 0 0
 740066.27  3511.60  6194.32  4528.14 0 0 0 0 0
 750344.97  3509.81  6187.82  4524.02 0 0 0 0 0
 760623.67  3508.02  6181.32  4519.93 0 0 0 0 0
 770902.37  3506.23  6174.81  4515.86 0 0 0 0 0
 781181.06  3504.44  6168.29  4511.80 0 0 0 0 0
 791459.76  3502.65  6161.77  4507.78 0 0 0 0 0
 801738.46  3500.86  6155.25  4503.77 0 0 0 0 0
 812017.16  3499.07  6148.72  4499.79 0 0 0 0 0
 822295.86  3497.28  6142.19  4495.83 0 0 0 0 0
 832574.56  3495.49  6135.65  4491.90 0 0 0 0 0
 842853.25  3493.70  6129.11  4487.99 0 0 0 0 0
 853131.95  3491.91  6122.56  4484.10 0 0 0 0 0
 863410.65  3490.12  6116.02  4480.24 0 0 0 0 0
 873689.35  3488.34  6109.47  4476.41 0 0 0 0 0
 883968.05  3486.55  6102.91  4472.59 0 0 0 0 0
 894246.75  3484.76  6096.36  4468.81 0 0 0 0 0
 904525.44  3482.98  6089.80  4465.04 0 0 0 0 0
 914804.14  3481.19  6083.24  4461.31 0 0 0 0 0
 925082.84  3479.41  6076.67  4457.59 0 0 0 0 0
 935361.54  3477.62  6070.10  4453.91 0 0 0 0 0
 945640.24  3475.84  6063.54  4450.24 0 0 0 0 0
 955918.93  3474.06  6056.97  4446.61 0 0 0 0 0
 966197.63  3472.27  6050.39  4443.00 0 0 0 0 0
 976476.33  3470.49  6043.82  4439.41 0 0 0 0 0
 986755.03  3468.71  6037.24  4435.86 0 0 0 0 0
 997033.73  3466.93  6030.66  4432.32 0 0 0 0 0
1007312.43  3465.16  6024.08  4428.82 0 0 0 0 0
1017591.12  3463.38  6017.50  4425.34 0 0 0 0 0
1027869.82  3461.60  6010.91  4421.89 0 0 0 0 0
1038148.52  3459.83  6004.33  4418.46 0 0 0 0 0
1048427.22  3458.05  5997.74  4415.07 0 0 0 0 0
1058705.92  3456.28  5991.15  4411.69 0 0 0 0 0
1068984.61  3454.51  5984.56  4408.35 0 0 0 0 0
1079263.31  3452.74  5977.97  4405.03 0 0 0 0 0
1089542.01  3450.97  5971.37  4401.74 0 0 0 0 0
1099820.71  3449.20  5964.77  4398.48 0 0 0 0 0
1110099.41  3447.43  5958.18  4395.24 0 0 0 0 0
1120378.11  3445.66  5951.57  4392.03 0 0 0 0 0
1130656.81  3443.90  5944.97  4388.85 0 0 0 0 0
1140935.50  3442.13  5938.36  4385.70 0 0 0 0 0
1151214.20  3440.37  5931.76  4382.57 0 0 0 0 0
1161492.90  3438.61  5925.15  4379.48 0 0 0 0 0
1171771.60  3436.85  5918.53  4376.41 0 0 0 0 0
1182050.30  3435.09  5911.92  4373.36 0 0 0 0 0
1192328.99  3433.33  5905.30  4370.35 0 0 0 0 0
1202607.69  3431.57  5898.68  4367.37 0 0 0 0 0
1212886.39  3429.81  5892.05  4364.41 0 0 0 0 0
1223165.09  3428.06  5885.42  4361.48 0 0 0 0 0
1233443.79  3426.30  5878.79  4358.57 0 0 0 0 0
1243722.49  3424.54  5872.15  4355.70 0 0 0 0 0
1254001.18  3422.79  5865.51  4352.85 0 0 0 0 0
1264279.88  3421.03  5858.87  4350.04 0 0 0 0 0
1274558.58  3419.28  5852.22  4347.25 0 0 0 0 0
1284837.28  3417.53  5845.56  4344.49 0 0 0 0 0
1295115.98  3415.78  5838.90  4341.75 0 0 0 0 0
1305394.68  3414.02  5832.23  4339.05 0 0 0 0 0
1315673.37  3412.27  5825.56  4336.37 0 0 0 0 0
1325952.07  3410.52  5818.88  4333.73 0 0 0 0 0
1336230.77  3408.77  5812.19  4331.10 0 0 0 0 0
1346509.47  3407.02  5805.49  4328.51 0 0 0 0 0
1356788.17  3405.26  5798.79  4325.95 0 0 0 0 0
1367066.86  3403.51  5792.08  4323.41 0 0 0 0 0
1377345.56  3401.76  5785.36  4320.91 0 0 0 0 0
1387624.26  3400.01  5778.63  4318.43 0 0 0 0 0
1397902.96  3398.25  5771.89  4315.97 0 0 0 0 0
1408181.66  3396.50  5765.14  4313.55 0 0 0 0 0
1418460.36  3394.75  5758.38  4311.16 0 0 0 0 0
1428739.05  3392.99  5751.60  4308.79 0 0 0 0 0
1439017.75  3391.24  5744.82  4306.45 0 0 0 0 0
1449296.45  3389.48  5738.02  4304.13 0 0 0 0 0
1459575.15  3387.72  5731.21  4301.85 0 0 0 0 0
1469853.85  3385.96  5724.38  4299.59 0 0 0 0 0
1480132.54  3384.20  5717.54  4297.36 0 0 0 0 0
1490411.24  3382.44  5710.68  4295.16 0 0 0 0 0
1500689.94  3380.67  5703.81  4292.99 0 0 0 0 0
1510968.64  3378.91  5696.91  4290.84 0 0 0 0 0
1521247.34  3377.14  5690.01  4288.72 0 0 0 0 0
1531526.04  3375.37  5683.08  4286.62 0 0 0 0 0
1541804.73  3373.59  5676.13  4284.56 0 0 0 0 0
1552083.43  3371.82  5669.16  4282.52 0 0 0 0 0
1562362.13  3370.04  5662.17  4280.50 0 0 0 0 0
1572640.83  3368.26  5655.15  4278.51 0 0 0 0 0
1582919.53  3366.47  5648.11  4276.55 0 0 0 0 0
1593198.23  3364.68  5641.05  4274.62 0 0 0 0 0
1603476.92  3362.89  5633.96  4272.71 0 0 0 0 0
1613755.62  3361.10  5626.85  4270.83 0 0 0 0 0
1624034.32  3359.30  5619.70  4268.97 0 0 0 0 0
1634313.02  3357.49  5612.53  4267.13 0 0 0 0 0
1644591.72  3355.69  5605.33  4265.33 0 0 0 0 0
1654870.41  3353.87  5598.09  4263.54 0 0 0 0 0
1665149.11  3352.06  5590.81  4261.78 0 0 0 0 0
1675427.81  3350.23  5583.51  4260.05 0 0 0 0 0
1685706.51  3348.41  5576.18  4258.35 0 0 0 0 0
1695985.21  3346.56  5568.75  4256.65 0 0 0 0 0
1697100.00  3346.36  5567.95  4256.46 0 0 0 0 0
1697100.00  2862.18  5184.58  3614.99 0 0 0 0 0
1706263.91  2860.85  5176.50  3614.23 0 0 0 0 0
1716542.60  2859.22  5156.05  3613.23 0 0 0 0 0
1726821.30  2856.91  5147.99  3611.63 0 0 0 0 0
1737100.00  2857.05  5160.02  3612.30 0 0 0 0 0
