#
0 0 1 1
174 0 35
      0.00  5140.69  3861.18     0.00 0 0 0 0 0
  10278.70  5140.52  3860.94     0.00 0 0 0 0 0
  20557.40  5140.31  3860.63     0.00 0 0 0 0 0
  30836.10  5140.06  3860.25     0.00 0 0 0 0 0
  41114.79  5139.76  3859.81     0.00 0 0 0 0 0
  51393.49  5139.41  3859.30     0.00 0 0 0 0 0
  61672.19  5139.03  3858.73     0.00 0 0 0 0 0
  71950.89  5138.60  3858.09     0.00 0 0 0 0 0
  82229.59  5138.12  3857.39     0.00 0 0 0 0 0
  92508.28  5137.61  3856.62     0.00 0 0 0 0 0
 102786.98  5137.05  3855.80     0.00 0 0 0 0 0
 113065.68  5136.45  3854.91     0.00 0 0 0 0 0
 123344.38  5135.80  3853.96     0.00 0 0 0 0 0
 133623.08  5135.12  3852.95     0.00 0 0 0 0 0
 143901.77  5134.39  3851.87     0.00 0 0 0 0 0
 154180.47  5133.62  3850.74     0.00 0 0 0 0 0
 164459.17  5132.81  3849.54     0.00 0 0 0 0 0
 174737.87  5131.96  3848.28     0.00 0 0 0 0 0
 185016.57  5131.07  3846.97     0.00 0 0 0 0 0
 195295.27  5130.14  3845.59     0.00 0 0 0 0 0
 205573.96  5129.17  3844.16     0.00 0 0 0 0 0
 215852.66  5128.15  3842.66     0.00 0 0 0 0 0
 226131.36  5127.10  3841.11     0.00 0 0 0 0 0
 236410.06  5126.01  3839.50     0.00 0 0 0 0 0
 246688.76  5124.88  3837.83     0.00 0 0 0 0 0
 256967.46  5123.70  3836.10     0.00 0 0 0 0 0
 267246.15  5122.49  3834.31     0.00 0 0 0 0 0
 277524.85  5121.24  3832.47     0.00 0 0 0 0 0
 287803.55  5119.95  3830.57     0.00 0 0 0 0 0
 298082.25  5118.62  3828.61     0.00 0 0 0 0 0
 308360.95  5117.26  3826.60     0.00 0 0 0 0 0
 318639.65  5115.86  3824.54     0.00 0 0 0 0 0
 328918.34  5114.38  3822.37     0.00 0 0 0 0 0
 330000.00  5114.24  3822.15     0.00 0 0 0 0 0
 330000.00  3575.78  6426.55  4701.98 0 0 0 0 0
 339197.04  3574.38  6421.51  4697.84 0 0 0 0 0
 349475.74  3572.83  6415.94  4693.20 0 0 0 0 0
 359754.44  3571.27  6410.31  4688.55 0 0 0 0 0
 370033.14  3569.70  6404.66  4683.92 0 0 0 0 0
 380311.83  3568.12  6399.00  4679.30 0 0 0 0 0
 390590.53  3566.54  6393.31  4674.69 0 0 0 0 0
 400869.23  3564.96  6387.60  4670.09 0 0 0 0 0
 411147.93  3563.37  6381.88  4665.50 0 0 0 0 0
 421426.63  3561.77  6376.13  4660.92 0 0 0 0 0
 431705.33  3560.18  6370.37  4656.36 0 0 0 0 0
 441984.02  3558.57  6364.59  4651.81 0 0 0 0 0
 452262.72  3556.96  6358.79  4647.28 0 0 0 0 0
 462541.42  3555.35  6352.98  4642.76 0 0 0 0 0
 472820.12  3553.73  6347.15  4638.25 0 0 0 0 0
 483098.82  3552.11  6341.30  4633.76 0 0 0 0 0
 493377.52  3550.49  6335.43  4629.28 0 0 0 0 0
 503656.21  3548.86  6329.56  4624.81 0 0 0 0 0
 513934.91  3547.22  6323.66  4620.37 0 0 0 0 0
 524213.61  3545.59  6317.75  4615.94 0 0 0 0 0
 534492.31  3543.95  6311.82  4611.52 0 0 0 0 0
 544771.01  3542.30  6305.88  4607.12 0 0 0 0 0
 555049.70  3540.65  6299.92  4602.74 0 0 0 0 0
 565328.40  3539.00  6293.95  4598.37 0 0 0 0 0
 575607.10  3537.35  6287.97  4594.03 0 0 0 0 0
 585885.80  3535.69  6281.97  4589.69 0 0 0 0 0
 596164.50  3534.03  6275.96  4585.38 0 0 0 0 0
 606443.20  3532.37  6269.93  4581.09 0 0 0 0 0
 616721.89  3530.70  6263.90  4576.81 0 0 0 0 0
 627000.59  3529.03  6257.84  4572.55 0 0 0 0 0
 637279.29  3527.36  6251.78  4568.31 0 0 0 0 0
 647557.99  3525.68  6245.70  4564.09 0 0 0 0 0
 657836.69  3524.00  6239.61  4559.88 0 0 0 0 0
 668115.38  3522.32  6233.51  4555.70 0 0 0 0 0
 678394.08  3520.64  6227.40  4551.53 0 0 0 0 0
 688672.78  3518.95  6221.27  4547.39 0 0 0 0 0
 698951.48  3517.26  6215.13  4543.26 0 0 0 0 0
 709230.18  3515.57  6208.99  4539.16 0 0 0 0 0
 719508.88  3513.88  6202.82  4535.07 0 0 0 0 0
 729787.57  3512.18  6196.65  4531.01 0 0 0 0 0
 740066.27  3510.49  6190.47  4526.96 0 0 0 0 0
 750344.97  3508.79  6184.27  4522.94 0 0 0 0 0
 760623.67  3507.09  6178.07  4518.93 0 0 0 0 0
 770902.37  3505.38  6171.85  4514.95 0 0 0 0 0
 781181.06  3503.68  6165.63  4510.99 0 0 0 0 0
 791459.76  3501.97  6159.39  4507.05 0 0 0 0 0
 801738.46  3500.26  6153.14  4503.13 0 0 0 0 0
 812017.16  3498.55  6146.88  4499.23 0 0 0 0 0
 822295.86  3496.83  6140.61  4495.35 0 0 0 0 0
 832574.56  3495.12  6134.34  4491.50 0 0 0 0 0
 842853.25  3493.40  6128.05  4487.66 0 0 0 0 0
 853131.95  3491.68  6121.75  4483.85 0 0 0 0 0
 863410.65  3489.96  6115.44  4480.07 0 0 0 0 0
 873689.35  3488.24  6109.12  4476.30 0 0 0 0 0
 883968.05  3486.52  6102.80  4472.56 0 0 0 0 0
 894246.75  3484.79  6096.46  4468.84 0 0 0 0 0
 904525.44  3483.07  6090.11  4465.14 0 0 0 0 0
 914804.14  3481.34  6083.76  4461.46 0 0 0 0 0
 925082.84  3479.61  6077.39  4457.81 0 0 0 0 0
 935361.54  3477.88  6071.02  4454.18 0 0 0 0 0
 945640.24  3476.15  6064.64  4450.58 0 0 0 0 0
 955918.93  3474.41  6058.24  4447.00 0 0 0 0 0
 966197.63  3472.68  6051.84  4443.44 0 0 0 0 0
 976476.33  3470.94  6045.43  4439.91 0 0 0 0 0
 986755.03  3469.21  6039.01  4436.40 0 0 0 0 0
 997033.73  3467.47  6032.59  4432.91 0 0 0 0 0
1007312.43  3465.73  6026.15  4429.45 0 0 0 0 0
1017591.12  3463.99  6019.70  4426.01 0 0 0 0 0
1027869.82  3462.25  6013.25  4422.60 0 0 0 0 0
1038148.52  3460.51  6006.79  4419.21 0 0 0 0 0
1048427.22  3458.77  6000.32  4415.85 0 0 0 0 0
1058705.92  3457.02  5993.84  4412.51 0 0 0 0 0
1068984.61  3455.28  5987.35  4409.19 0 0 0 0 0
1079263.31  3453.53  5980.85  4405.91 0 0 0 0 0
1089542.01  3451.79  5974.35  4402.64 0 0 0 0 0
1099820.71  3450.04  5967.83  4399.40 0 0 0 0 0
1110099.41  3448.30  5961.31  4396.19 0 0 0 0 0
1120378.11  3446.55  5954.78  4393.00 0 0 0 0 0
1130656.81  3444.80  5948.24  4389.84 0 0 0 0 0
1140935.50  3443.05  5941.70  4386.70 0 0 0 0 0
1151214.20  3441.30  5935.14  4383.59 0 0 0 0 0
1161492.90  3439.55  5928.58  4380.51 0 0 0 0 0
1171771.60  3437.79  5922.01  4377.45 0 0 0 0 0
1182050.30  3436.04  5915.43  4374.42 0 0 0 0 0
1192328.99  3434.29  5908.84  4371.41 0 0 0 0 0
1202607.69  3432.54  5902.24  4368.43 0 0 0 0 0
1212886.39  3430.78  5895.63  4365.48 0 0 0 0 0
1223165.09  3429.03  5889.02  4362.56 0 0 0 0 0
1233443.79  3427.27  5882.40  4359.65 0 0 0 0 0
1243722.49  3425.52  5875.76  4356.78 0 0 0 0 0
1254001.18  3423.76  5869.12  4353.93 0 0 0 0 0
1264279.88  3422.01  5862.47  4351.12 0 0 0 0 0
1274558.58  3420.25  5855.82  4348.32 0 0 0 0 0
1284837.28  3418.49  5849.15  4345.56 0 0 0 0 0
1295115.98  3416.73  5842.48  4342.82 0 0 0 0 0
1305394.68  3414.97  5835.79  4340.11 0 0 0 0 0
1315673.37  3413.22  5829.10  4337.43 0 0 0 0 0
1325952.07  3411.45  5822.39  4334.77 0 0 0 0 0
1336230.77  3409.69  5815.68  4332.14 0 0 0 0 0
1346509.47  3407.93  5808.96  4329.54 0 0 0 0 0
1356788.17  3406.17  5802.23  4326.97 0 0 0 0 0
1367066.86  3404.41  5795.49  4324.42 0 0 0 0 0
1377345.56  3402.65  5788.74  4321.90 0 0 0 0 0
1387624.26  3400.89  5781.98  4319.41 0 0 0 0 0
1397902.96  3399.13  5775.21  4316.95 0 0 0 0 0
1408181.66  3397.36  5768.43  4314.52 0 0 0 0 0
1418460.36  3395.60  5761.64  4312.11 0 0 0 0 0
1428739.05  3393.84  5754.84  4309.74 0 0 0 0 0
1439017.75  3392.07  5748.03  4307.39 0 0 0 0 0
1449296.45  3390.31  5741.20  4305.07 0 0 0 0 0
1459575.15  3388.54  5734.37  4302.77 0 0 0 0 0
1469853.85  3386.78  5727.53  4300.51 0 0 0 0 0
1480132.54  3385.01  5720.67  4298.28 0 0 0 0 0
1490411.24  3383.24  5713.80  4296.07 0 0 0 0 0
1500689.94  3381.48  5706.93  4293.89 0 0 0 0 0
1510968.64  3379.71  5700.03  4291.74 0 0 0 0 0
1521247.34  3377.94  5693.13  4289.62 0 0 0 0 0
1531526.04  3376.17  5686.22  4287.53 0 0 0 0 0
1541804.73  3374.40  5679.29  4285.47 0 0 0 0 0
1552083.43  3372.63  5672.35  4283.43 0 0 0 0 0
1562362.13  3370.86  5665.39  4281.43 0 0 0 0 0
1572640.83  3369.09  5658.43  4279.45 0 0 0 0 0
1582919.53  3367.32  5651.45  4277.51 0 0 0 0 0
1593198.23  3365.54  5644.45  4275.59 0 0 0 0 0
1603476.92  3363.77  5637.44  4273.70 0 0 0 0 0
1613755.62  3361.99  5630.41  4271.84 0 0 0 0 0
1624034.32  3360.22  5623.37  4270.01 0 0 0 0 0
1634313.02  3358.44  5616.32  4268.21 0 0 0 0 0
1644591.72  3356.66  5609.24  4266.44 0 0 0 0 0
1654870.41  3354.89  5602.16  4264.69 0 0 0 0 0
1665149.11  3353.11  5595.06  4262.98 0 0 0 0 0
1675427.81  3351.33  5587.93  4261.29 0 0 0 0 0
1685706.51  3349.55  5580.81  4259.65 0 0 0 0 0
1695985.21  3347.75  5573.57  4258.00 0 0 0 0 0
1697100.00  3347.56  5572.80  4257.82 0 0 0 0 0
1697100.00  2863.75  5188.09  3616.43 0 0 0 0 0
1706263.91  2862.22  5180.86  3615.48 0 0 0 0 0
1716542.60  2860.52  5162.58  3614.41 0 0 0 0 0
1726821.30  2858.78  5164.46  3613.34 0 0 0 0 0
1737100.00  2857.05  5160.02  3612.30 0 0 0 0 0
