#
0 0 1 1
174 0 0
      0.00  7960.88  4255.09  3423.44 0 0 0 0 0
  10278.70  7960.33  4254.52  3422.82 0 0 0 0 0
  20557.40  7959.70  4253.86  3422.11 0 0 0 0 0
  30836.10  7959.00  4253.12  3421.32 0 0 0 0 0
  41114.79  7958.22  4252.31  3420.44 0 0 0 0 0
  51393.49  7957.37  4251.42  3419.49 0 0 0 0 0
  61672.19  7956.45  4250.46  3418.45 0 0 0 0 0
  71950.89  7955.45  4249.42  3417.33 0 0 0 0 0
  82229.59  7954.39  4248.31  3416.14 0 0 0 0 0
  92508.28  7953.26  4247.13  3414.86 0 0 0 0 0
 102786.98  7952.06  4245.88  3413.51 0 0 0 0 0
 113065.68  7950.79  4244.56  3412.09 0 0 0 0 0
 123344.38  7949.46  4243.16  3410.59 0 0 0 0 0
 133623.08  7948.06  4241.70  3409.01 0 0 0 0 0
 143901.77  7946.59  4240.17  3407.36 0 0 0 0 0
 154180.47  7945.07  4238.57  3405.64 0 0 0 0 0
 164459.17  7943.48  4236.91  3403.85 0 0 0 0 0
 174737.87  7941.82  4235.18  3401.99 0 0 0 0 0
 185016.57  7940.11  4233.39  3400.06 0 0 0 0 0
 195295.27  7938.33  4231.54  3398.06 0 0 0 0 0
 205573.96  7936.50  4229.62  3395.99 0 0 0 0 0
 215852.66  7934.60  4227.64  3393.85 0 0 0 0 0
 226131.36  7932.65  4225.59  3391.65 0 0 0 0 0
 236410.06  7930.64  4223.49  3389.38 0 0 0 0 0
 246688.76  7928.56  4221.33  3387.05 0 0 0 0 0
 256967.46  7926.44  4219.10  3384.65 0 0 0 0 0
 267246.15  7924.26  4216.82  3382.19 0 0 0 0 0
 277524.85  7922.02  4214.48  3379.66 0 0 0 0 0
 287803.55  7919.73  4212.09  3377.07 0 0 0 0 0
 298082.25  7917.38  4209.63  3374.43 0 0 0 0 0
 308360.95  7914.98  4207.11  3371.71 0 0 0 0 0
 318639.65  7912.55  4204.57  3368.96 0 0 0 0 0
 328918.34  7909.95  4201.86  3366.03 0 0 0 0 0
 330000.00  7909.70  4201.60  3365.75 0 0 0 0 0
 330000.00  3626.78  6607.97  4854.10 0 0 0 0 0
 339197.04  3626.32  6606.45  4853.62 0 0 0 0 0
 349475.74  3625.86  6604.94  4853.13 0 0 0 0 0
 359754.44  3625.34  6603.24  4852.58 0 0 0 0 0
 370033.14  3624.83  6601.55  4852.04 0 0 0 0 0
 380311.83  3624.30  6599.81  4851.48 0 0 0 0 0
 390590.53  3623.77  6598.06  4850.92 0 0 0 0 0
 400869.23  3623.22  6596.27  4850.35 0 0 0 0 0
 411147.93  3622.67  6594.45  4849.77 0 0 0 0 0
 421426.63  3622.11  6592.61  4849.18 0 0 0 0 0
 431705.33  3621.54  6590.73  4848.58 0 0 0 0 0
 441984.02  3620.96  6588.83  4847.97 0 0 0 0 0
 452262.72  3620.38  6586.90  4847.36 0 0 0 0 0
 462541.42  3619.78  6584.94  4846.73 0 0 0 0 0
 472820.12  3619.18  6582.96  4846.10 0 0 0 0 0
 483098.82  3618.57  6580.95  4845.46 0 0 0 0 0
 493377.52  3617.96  6578.91  4844.81 0 0 0 0 0
 503656.21  3617.33  6576.84  4844.15 0 0 0 0 0
 513934.91  3616.70  6574.75  4843.49 0 0 0 0 0
 524213.61  3616.06  6572.64  4842.81 0 0 0 0 0
 534492.31  3615.41  6570.49  4842.14 0 0 0 0 0
 544771.01  3614.75  6568.33  4841.45 0 0 0 0 0
 555049.70  3614.08  6566.14  4840.75 0 0 0 0 0
 565328.40  3613.41  6563.92  4840.05 0 0 0 0 0
 575607.10  3612.73  6561.68  4839.34 0 0 0 0 0
 585885.80  3612.05  6559.41  4838.62 0 0 0 0 0
 596164.50  3611.36  6557.12  4837.89 0 0 0 0 0
 606443.20  3610.65  6554.80  4837.16 0 0 0 0 0
 616721.89  3609.95  6552.46  4836.42 0 0 0 0 0
 627000.59  3609.23  6550.09  4835.67 0 0 0 0 0
 637279.29  3608.51  6547.71  4834.91 0 0 0 0 0
 647557.99  3607.78  6545.29  4834.15 0 0 0 0 0
 657836.69  3607.04  6542.86  4833.38 0 0 0 0 0
 668115.38  3606.30  6540.40  4832.60 0 0 0 0 0
 678394.08  3605.55  6537.92  4831.81 0 0 0 0 0
 688672.78  3604.80  6535.41  4831.02 0 0 0 0 0
 698951.48  3604.03  6532.88  4830.23 0 0 0 0 0
 709230.18  3603.26  6530.33  4829.42 0 0 0 0 0
 719508.88  3602.48  6527.76  4828.61 0 0 0 0 0
 729787.57  3601.70  6525.16  4827.79 0 0 0 0 0
 740066.27  3600.91  6522.54  4826.96 0 0 0 0 0
 750344.97  3600.11  6519.90  4826.12 0 0 0 0 0
 760623.67  3599.31  6517.23  4825.28 0 0 0 0 0
 770902.37  3598.50  6514.54  4824.44 0 0 0 0 0
 781181.06  3597.68  6511.83  4823.58 0 0 0 0 0
 791459.76  3596.86  6509.09  4822.72 0 0 0 0 0
 801738.46  3596.03  6506.34  4821.85 0 0 0 0 0
 812017.16  3595.19  6503.56  4820.98 0 0 0 0 0
 822295.86  3594.35  6500.76  4820.09 0 0 0 0 0
 832574.56  3593.50  6497.93  4819.20 0 0 0 0 0
 842853.25  3592.64  6495.08  4818.31 0 0 0 0 0
 853131.95  3591.78  6492.21  4817.41 0 0 0 0 0
 863410.65  3590.91  6489.32  4816.50 0 0 0 0 0
 873689.35  3590.04  6486.40  4815.58 0 0 0 0 0
 883968.05  3589.15  6483.46  4814.65 0 0 0 0 0
 894246.75  3588.27  6480.50  4813.72 0 0 0 0 0
 904525.44  3587.37  6477.52  4812.79 0 0 0 0 0
 914804.14  3586.47  6474.51  4811.84 0 0 0 0 0
 925082.84  3585.56  6471.48  4810.89 0 0 0 0 0
 935361.54  3584.64  6468.42  4809.93 0 0 0 0 0
 945640.24  3583.72  6465.35  4808.96 0 0 0 0 0
 955918.93  3582.79  6462.24  4807.99 0 0 0 0 0
 966197.63  3581.85  6459.12  4807.01 0 0 0 0 0
 976476.33  3580.91  6455.97  4806.02 0 0 0 0 0
 986755.03  3579.96  6452.80  4805.03 0 0 0 0 0
 997033.73  3579.00  6449.60  4804.02 0 0 0 0 0
1007312.43  3578.04  6446.38  4803.02 0 0 0 0 0
1017591.12  3577.07  6443.13  4802.00 0 0 0 0 0
1027869.82  3576.09  6439.86  4800.97 0 0 0 0 0
1038148.52  3575.11  6436.57  4799.94 0 0 0 0 0
1048427.22  3574.12  6433.25  4798.90 0 0 0 0 0
1058705.92  3573.12  6429.90  4797.85 0 0 0 0 0
1068984.61  3572.11  6426.53  4796.80 0 0 0 0 0
1079263.31  3571.10  6423.13  4795.73 0 0 0 0 0
1089542.01  3570.08  6419.71  4794.66 0 0 0 0 0
1099820.71  3569.05  6416.26  4793.59 0 0 0 0 0
1110099.41  3568.01  6412.78  4792.50 0 0 0 0 0
1120378.11  3566.97  6409.28  4791.40 0 0 0 0 0
1130656.81  3565.92  6405.75  4790.30 0 0 0 0 0
1140935.50  3564.86  6402.19  4789.19 0 0 0 0 0
1151214.20  3563.79  6398.61  4788.07 0 0 0 0 0
1161492.90  3562.72  6394.99  4786.94 0 0 0 0 0
1171771.60  3561.64  6391.35  4785.80 0 0 0 0 0
1182050.30  3560.55  6387.68  4784.66 0 0 0 0 0
1192328.99  3559.45  6383.98  4783.50 0 0 0 0 0
1202607.69  3558.34  6380.25  4782.34 0 0 0 0 0
1212886.39  3557.23  6376.49  4781.17 0 0 0 0 0
1223165.09  3556.10  6372.71  4779.99 0 0 0 0 0
1233443.79  3554.97  6368.89  4778.80 0 0 0 0 0
1243722.49  3553.83  6365.03  4777.60 0 0 0 0 0
1254001.18  3552.68  6361.15  4776.39 0 0 0 0 0
1264279.88  3551.52  6357.24  4775.17 0 0 0 0 0
1274558.58  3550.35  6353.29  4773.94 0 0 0 0 0
1284837.28  3549.18  6349.31  4772.70 0 0 0 0 0
1295115.98  3547.99  6345.30  4771.45 0 0 0 0 0
1305394.68  3546.79  6341.25  4770.19 0 0 0 0 0
1315673.37  3545.59  6337.17  4768.92 0 0 0 0 0
1325952.07  3544.37  6333.05  4767.64 0 0 0 0 0
1336230.77  3543.15  6328.90  4766.35 0 0 0 0 0
1346509.47  3541.91  6324.71  4765.05 0 0 0 0 0
1356788.17  3540.67  6320.49  4763.74 0 0 0 0 0
1367066.86  3539.41  6316.23  4762.42 0 0 0 0 0
1377345.56  3538.15  6311.93  4761.08 0 0 0 0 0
1387624.26  3536.87  6307.59  4759.74 0 0 0 0 0
1397902.96  3535.59  6303.21  4758.38 0 0 0 0 0
1408181.66  3534.29  6298.79  4757.01 0 0 0 0 0
1418460.36  3532.98  6294.34  4755.63 0 0 0 0 0
1428739.05  3531.66  6289.84  4754.24 0 0 0 0 0
1439017.75  3530.33  6285.30  4752.83 0 0 0 0 0
1449296.45  3528.99  6280.72  4751.41 0 0 0 0 0
1459575.15  3527.63  6276.09  4749.98 0 0 0 0 0
1469853.85  3526.26  6271.43  4748.54 0 0 0 0 0
1480132.54  3524.89  6266.71  4747.08 0 0 0 0 0
1490411.24  3523.50  6261.96  4745.61 0 0 0 0 0
1500689.94  3522.09  6257.15  4744.12 0 0 0 0 0
1510968.64  3520.68  6252.30  4742.63 0 0 0 0 0
1521247.34  3519.25  6247.40  4741.11 0 0 0 0 0
1531526.04  3517.80  6242.46  4739.59 0 0 0 0 0
1541804.73  3516.35  6237.46  4738.05 0 0 0 0 0
1552083.43  3514.88  6232.41  4736.49 0 0 0 0 0
1562362.13  3513.40  6227.31  4734.92 0 0 0 0 0
1572640.83  3511.90  6222.17  4733.34 0 0 0 0 0
1582919.53  3510.39  6216.96  4731.73 0 0 0 0 0
1593198.23  3508.86  6211.71  4730.12 0 0 0 0 0
1603476.92  3507.32  6206.39  4728.48 0 0 0 0 0
1613755.62  3505.76  6201.02  4726.83 0 0 0 0 0
1624034.32  3504.19  6195.60  4725.17 0 0 0 0 0
1634313.02  3502.61  6190.12  4723.48 0 0 0 0 0
1644591.72  3501.00  6184.57  4721.78 0 0 0 0 0
1654870.41  3499.38  6178.97  4720.06 0 0 0 0 0
1665149.11  3497.75  6173.31  4718.33 0 0 0 0 0
1675427.81  3496.10  6167.58  4716.57 0 0 0 0 0
1685706.51  3494.43  6161.81  4714.80 0 0 0 0 0
1695985.21  3492.73  6155.89  4712.99 0 0 0 0 0
1697100.00  3492.55  6155.26  4712.80 0 0 0 0 0
1697100.00  2945.80  5600.29  4010.00 0 0 0 0 0
1706263.91  2944.26  5594.80  4008.50 0 0 0 0 0
1716542.60  2942.55  5586.57  4006.85 0 0 0 0 0
1726821.30  2940.80  5584.26  4005.16 0 0 0 0 0
1737100.00  2939.04  5575.84  4003.46 0 0 0 0 0
