#
0 0 1 1
176 0 35
      0.00  5140.97  3861.59     0.00 0 0 0 0 0
  10278.70  5140.80  3861.35     0.00 0 0 0 0 0
  20557.40  5140.59  3861.04     0.00 0 0 0 0 0
  30836.10  5140.34  3860.66     0.00 0 0 0 0 0
  41114.79  5140.04  3860.22     0.00 0 0 0 0 0
  51393.49  5139.70  3859.72     0.00 0 0 0 0 0
  61672.19  5139.31  3859.14     0.00 0 0 0 0 0
  71950.89  5138.88  3858.51     0.00 0 0 0 0 0
  82229.59  5138.41  3857.81     0.00 0 0 0 0 0
  92508.28  5137.89  3857.05     0.00 0 0 0 0 0
 102786.98  5137.33  3856.22     0.00 0 0 0 0 0
 113065.68  5136.73  3855.33     0.00 0 0 0 0 0
 123344.38  5136.09  3854.38     0.00 0 0 0 0 0
 133623.08  5135.40  3853.37     0.00 0 0 0 0 0
 143901.77  5134.67  3852.29     0.00 0 0 0 0 0
 154180.47  5133.91  3851.16     0.00 0 0 0 0 0
 164459.17  5133.10  3849.96     0.00 0 0 0 0 0
 174737.87  5132.24  3848.70     0.00 0 0 0 0 0
 185016.57  5131.35  3847.39     0.00 0 0 0 0 0
 195295.27  5130.42  3846.01     0.00 0 0 0 0 0
 205573.96  5129.45  3844.57     0.00 0 0 0 0 0
 215852.66  5128.43  3843.07     0.00 0 0 0 0 0
 226131.36  5127.38  3841.52     0.00 0 0 0 0 0
 236410.06  5126.28  3839.91     0.00 0 0 0 0 0
 246688.76  5125.15  3838.23     0.00 0 0 0 0 0
 256967.46  5123.98  3836.50     0.00 0 0 0 0 0
 267246.15  5122.76  3834.71     0.00 0 0 0 0 0
 277524.85  5121.51  3832.87     0.00 0 0 0 0 0
 287803.55  5120.22  3830.97     0.00 0 0 0 0 0
 298082.25  5118.89  3829.01     0.00 0 0 0 0 0
 308360.95  5117.52  3826.99     0.00 0 0 0 0 0
 318639.65  5116.12  3824.92     0.00 0 0 0 0 0
 328918.34  5114.64  3822.75     0.00 0 0 0 0 0
 330000.00  5114.50  3822.53     0.00 0 0 0 0 0
 330000.00  3595.16  6150.01  3918.57 0 0 0 0 0
 339197.04  3593.79  6145.29  3914.87 0 0 0 0 0
 349475.74  3592.27  6140.10  3910.80 0 0 0 0 0
 359754.44  3590.74  6134.81  3906.65 0 0 0 0 0
 370033.14  3589.20  6129.50  3902.49 0 0 0 0 0
 380311.83  3587.65  6124.16  3898.30 0 0 0 0 0
 390590.53  3586.10  6118.78  3894.08 0 0 0 0 0
 400869.23  3584.54  6113.38  3889.84 0 0 0 0 0
 411147.93  3582.97  6107.95  3885.58 0 0 0 0 0
 421426.63  3581.39  6102.49  3881.29 0 0 0 0 0
 431705.33  3579.81  6096.99  3876.98 0 0 0 0 0
 441984.02  3578.23  6091.47  3872.65 0 0 0 0 0
 452262.72  3576.63  6085.92  3868.29 0 0 0 0 0
 462541.42  3575.03  6080.34  3863.91 0 0 0 0 0
 472820.12  3573.43  6074.73  3859.51 0 0 0 0 0
 480000.00  3572.31  6070.84  3856.45 0 0 0 0 0
 480000.00  3552.66  6343.25  4635.15 0 0 0 0 0
 483098.82  3552.16  6341.47  4633.81 0 0 0 0 0
 493377.52  3550.54  6335.61  4629.33 0 0 0 0 0
 503656.21  3548.91  6329.72  4624.87 0 0 0 0 0
 513934.91  3547.27  6323.83  4620.42 0 0 0 0 0
 524213.61  3545.63  6317.91  4615.99 0 0 0 0 0
 534492.31  3543.99  6311.98  4611.57 0 0 0 0 0
 544771.01  3542.35  6306.04  4607.17 0 0 0 0 0
 555049.70  3540.70  6300.08  4602.79 0 0 0 0 0
 565328.40  3539.05  6294.11  4598.42 0 0 0 0 0
 575607.10  3537.39  6288.12  4594.07 0 0 0 0 0
 585885.80  3535.73  6282.12  4589.74 0 0 0 0 0
 596164.50  3534.07  6276.11  4585.43 0 0 0 0 0
 606443.20  3532.41  6270.08  4581.13 0 0 0 0 0
 616721.89  3530.74  6264.04  4576.85 0 0 0 0 0
 627000.59  3529.07  6257.99  4572.59 0 0 0 0 0
 637279.29  3527.40  6251.92  4568.35 0 0 0 0 0
 647557.99  3525.72  6245.84  4564.13 0 0 0 0 0
 657836.69  3524.04  6239.75  4559.93 0 0 0 0 0
 668115.38  3522.36  6233.65  4555.74 0 0 0 0 0
 678394.08  3520.68  6227.53  4551.57 0 0 0 0 0
 688672.78  3518.99  6221.40  4547.43 0 0 0 0 0
 698951.48  3517.30  6215.26  4543.30 0 0 0 0 0
 709230.18  3515.61  6209.11  4539.20 0 0 0 0 0
 719508.88  3513.92  6202.94  4535.11 0 0 0 0 0
 729787.57  3512.22  6196.77  4531.04 0 0 0 0 0
 740066.27  3510.52  6190.58  4527.00 0 0 0 0 0
 750344.97  3508.82  6184.39  4522.97 0 0 0 0 0
 760623.67  3507.12  6178.18  4518.97 0 0 0 0 0
 770902.37  3505.41  6171.96  4514.98 0 0 0 0 0
 781181.06  3503.71  6165.73  4511.02 0 0 0 0 0
 791459.76  3502.00  6159.49  4507.08 0 0 0 0 0
 801738.46  3500.29  6153.24  4503.16 0 0 0 0 0
 812017.16  3498.57  6146.98  4499.26 0 0 0 0 0
 822295.86  3496.86  6140.71  4495.38 0 0 0 0 0
 832574.56  3495.14  6134.43  4491.53 0 0 0 0 0
 842853.25  3493.43  6128.14  4487.69 0 0 0 0 0
 853131.95  3491.71  6121.84  4483.88 0 0 0 0 0
 863410.65  3489.99  6115.53  4480.09 0 0 0 0 0
 873689.35  3488.26  6109.21  4476.33 0 0 0 0 0
 883968.05  3486.54  6102.88  4472.58 0 0 0 0 0
 894246.75  3484.81  6096.54  4468.86 0 0 0 0 0
 904525.44  3483.09  6090.19  4465.16 0 0 0 0 0
 914804.14  3481.36  6083.83  4461.49 0 0 0 0 0
 925082.84  3479.63  6077.47  4457.84 0 0 0 0 0
 935361.54  3477.90  6071.09  4454.21 0 0 0 0 0
 945640.24  3476.17  6064.70  4450.60 0 0 0 0 0
 955918.93  3474.43  6058.31  4447.02 0 0 0 0 0
 966197.63  3472.70  6051.91  4443.46 0 0 0 0 0
 976476.33  3470.96  6045.50  4439.93 0 0 0 0 0
 986755.03  3469.22  6039.08  4436.42 0 0 0 0 0
 997033.73  3467.49  6032.65  4432.93 0 0 0 0 0
1007312.43  3465.75  6026.21  4429.47 0 0 0 0 0
1017591.12  3464.01  6019.76  4426.03 0 0 0 0 0
1027869.82  3462.27  6013.31  4422.62 0 0 0 0 0
1038148.52  3460.53  6006.84  4419.23 0 0 0 0 0
1048427.22  3458.78  6000.37  4415.86 0 0 0 0 0
1058705.92  3457.04  5993.89  4412.52 0 0 0 0 0
1068984.61  3455.29  5987.40  4409.21 0 0 0 0 0
1079263.31  3453.55  5980.90  4405.92 0 0 0 0 0
1089542.01  3451.80  5974.39  4402.66 0 0 0 0 0
1099820.71  3450.06  5967.88  4399.42 0 0 0 0 0
1110099.41  3448.31  5961.36  4396.20 0 0 0 0 0
1120378.11  3446.56  5954.82  4393.02 0 0 0 0 0
1130656.81  3444.81  5948.28  4389.85 0 0 0 0 0
1140935.50  3443.06  5941.74  4386.72 0 0 0 0 0
1151214.20  3441.31  5935.18  4383.61 0 0 0 0 0
1161492.90  3439.56  5928.62  4380.52 0 0 0 0 0
1171771.60  3437.81  5922.04  4377.46 0 0 0 0 0
1182050.30  3436.05  5915.46  4374.43 0 0 0 0 0
1192328.99  3434.30  5908.87  4371.42 0 0 0 0 0
1202607.69  3432.55  5902.27  4368.44 0 0 0 0 0
1212886.39  3430.79  5895.67  4365.49 0 0 0 0 0
1223165.09  3429.04  5889.05  4362.56 0 0 0 0 0
1233443.79  3427.28  5882.43  4359.66 0 0 0 0 0
1243722.49  3425.53  5875.79  4356.79 0 0 0 0 0
1254001.18  3423.77  5869.15  4353.94 0 0 0 0 0
1264279.88  3422.01  5862.50  4351.12 0 0 0 0 0
1274558.58  3420.26  5855.84  4348.33 0 0 0 0 0
1284837.28  3418.50  5849.18  4345.57 0 0 0 0 0
1295115.98  3416.74  5842.50  4342.83 0 0 0 0 0
1305394.68  3414.98  5835.82  4340.12 0 0 0 0 0
1315673.37  3413.22  5829.12  4337.43 0 0 0 0 0
1325952.07  3411.46  5822.42  4334.78 0 0 0 0 0
1336230.77  3409.70  5815.70  4332.15 0 0 0 0 0
1346509.47  3407.94  5808.98  4329.55 0 0 0 0 0
1356788.17  3406.18  5802.25  4326.97 0 0 0 0 0
1367066.86  3404.42  5795.51  4324.43 0 0 0 0 0
1377345.56  3402.66  5788.76  4321.91 0 0 0 0 0
1387624.26  3400.89  5782.00  4319.42 0 0 0 0 0
1397902.96  3399.13  5775.23  4316.96 0 0 0 0 0
1408181.66  3397.37  5768.45  4314.52 0 0 0 0 0
1418460.36  3395.61  5761.66  4312.12 0 0 0 0 0
1428739.05  3393.84  5754.86  4309.74 0 0 0 0 0
1439017.75  3392.08  5748.04  4307.39 0 0 0 0 0
1449296.45  3390.31  5741.22  4305.07 0 0 0 0 0
1459575.15  3388.55  5734.39  4302.78 0 0 0 0 0
1469853.85  3386.78  5727.54  4300.52 0 0 0 0 0
1480132.54  3385.01  5720.69  4298.28 0 0 0 0 0
1490411.24  3383.25  5713.82  4296.07 0 0 0 0 0
1500689.94  3381.48  5706.94  4293.90 0 0 0 0 0
1510968.64  3379.71  5700.05  4291.75 0 0 0 0 0
1521247.34  3377.94  5693.15  4289.63 0 0 0 0 0
1531526.04  3376.17  5686.23  4287.53 0 0 0 0 0
1541804.73  3374.41  5679.30  4285.47 0 0 0 0 0
1552083.43  3372.63  5672.36  4283.44 0 0 0 0 0
1562362.13  3370.86  5665.41  4281.43 0 0 0 0 0
1572640.83  3369.09  5658.44  4279.46 0 0 0 0 0
1582919.53  3367.32  5651.46  4277.51 0 0 0 0 0
1593198.23  3365.55  5644.46  4275.59 0 0 0 0 0
1603476.92  3363.77  5637.45  4273.70 0 0 0 0 0
1613755.62  3362.00  5630.43  4271.84 0 0 0 0 0
1624034.32  3360.22  5623.38  4270.01 0 0 0 0 0
1634313.02  3358.44  5616.33  4268.21 0 0 0 0 0
1644591.72  3356.67  5609.25  4266.44 0 0 0 0 0
1654870.41  3354.89  5602.17  4264.70 0 0 0 0 0
1665149.11  3353.11  5595.06  4262.98 0 0 0 0 0
1675427.81  3351.33  5587.93  4261.30 0 0 0 0 0
1685706.51  3349.55  5580.82  4259.65 0 0 0 0 0
1695985.21  3347.75  5573.58  4258.00 0 0 0 0 0
1697100.00  3347.56  5572.80  4257.82 0 0 0 0 0
1697100.00  2863.75  5185.44  3616.43 0 0 0 0 0
1706263.91  2862.22  5178.30  3615.48 0 0 0 0 0
1716542.60  2860.52  5158.80  3614.41 0 0 0 0 0
1726821.30  2858.78  5159.41  3613.34 0 0 0 0 0
1737100.00  2857.05  5160.02  3612.30 0 0 0 0 0
