#
0 0 1 1
101 0 0
      0.00  7941.29  4234.63  3401.39 0 0 0 0 0
  17546.46  7940.29  4233.58  3400.26 0 0 0 0 0
  35092.93  7939.07  4232.31  3398.89 0 0 0 0 0
  52639.39  7937.65  4230.82  3397.28 0 0 0 0 0
  70185.86  7936.02  4229.12  3395.45 0 0 0 0 0
  87732.32  7934.19  4227.21  3393.39 0 0 0 0 0
 105278.79  7932.17  4225.10  3391.11 0 0 0 0 0
 122825.25  7929.96  4222.78  3388.62 0 0 0 0 0
 140371.72  7927.56  4220.28  3385.92 0 0 0 0 0
 157918.18  7924.98  4217.58  3383.01 0 0 0 0 0
 175464.65  7922.22  4214.70  3379.89 0 0 0 0 0
 193011.11  7919.29  4211.63  3376.58 0 0 0 0 0
 210557.58  7916.19  4208.38  3373.08 0 0 0 0 0
 228104.04  7912.91  4204.96  3369.38 0 0 0 0 0
 245650.50  7909.48  4201.36  3365.50 0 0 0 0 0
 263196.97  7905.88  4197.60  3361.43 0 0 0 0 0
 280743.43  7902.12  4193.66  3357.17 0 0 0 0 0
 298289.90  7898.24  4189.60  3352.79 0 0 0 0 0
 315836.36  7894.03  4185.19  3348.02 0 0 0 0 0
 333382.83  7894.03  4185.19  3348.02 0 0 0 0 0
 333382.83  3581.71  6446.29  4707.13 0 0 0 0 0
 350929.29  3578.94  6436.39  4699.07 0 0 0 0 0
 368475.76  3576.07  6426.13  4690.96 0 0 0 0 0
 386022.22  3573.20  6415.88  4682.90 0 0 0 0 0
 403568.69  3570.32  6405.56  4674.87 0 0 0 0 0
 421115.15  3567.41  6395.18  4666.87 0 0 0 0 0
 438661.62  3564.50  6384.75  4658.91 0 0 0 0 0
 456208.08  3561.58  6374.27  4650.99 0 0 0 0 0
 473754.54  3558.64  6363.74  4643.11 0 0 0 0 0
 491301.01  3555.69  6353.17  4635.27 0 0 0 0 0
 508847.47  3552.73  6342.56  4627.48 0 0 0 0 0
 526393.94  3549.76  6331.90  4619.74 0 0 0 0 0
 543940.40  3546.79  6321.20  4612.04 0 0 0 0 0
 561486.87  3543.80  6310.47  4604.40 0 0 0 0 0
 579033.33  3540.81  6299.71  4596.81 0 0 0 0 0
 596579.80  3537.81  6288.91  4589.27 0 0 0 0 0
 614126.26  3534.81  6278.09  4581.78 0 0 0 0 0
 631672.73  3531.80  6267.23  4574.35 0 0 0 0 0
 649219.19  3528.79  6256.36  4566.98 0 0 0 0 0
 666765.66  3525.77  6245.45  4559.67 0 0 0 0 0
 684312.12  3522.75  6234.52  4552.42 0 0 0 0 0
 701858.59  3519.73  6223.57  4545.23 0 0 0 0 0
 719405.05  3516.70  6212.60  4538.10 0 0 0 0 0
 736951.52  3513.67  6201.61  4531.03 0 0 0 0 0
 754497.98  3510.64  6190.61  4524.03 0 0 0 0 0
 772044.44  3507.61  6179.58  4517.09 0 0 0 0 0
 789590.91  3504.57  6168.55  4510.22 0 0 0 0 0
 807137.37  3501.54  6157.49  4503.42 0 0 0 0 0
 824683.84  3498.51  6146.43  4496.68 0 0 0 0 0
 842230.30  3495.47  6135.35  4490.02 0 0 0 0 0
 859776.77  3492.44  6124.26  4483.42 0 0 0 0 0
 877323.23  3489.41  6113.16  4476.89 0 0 0 0 0
 894869.70  3486.38  6102.05  4470.44 0 0 0 0 0
 912416.16  3483.35  6090.93  4464.06 0 0 0 0 0
 929962.63  3480.32  6079.80  4457.75 0 0 0 0 0
 947509.09  3477.29  6068.67  4451.51 0 0 0 0 0
 965055.56  3474.27  6057.52  4445.35 0 0 0 0 0
 982602.02  3471.24  6046.38  4439.26 0 0 0 0 0
1000148.48  3468.22  6035.22  4433.25 0 0 0 0 0
1017694.95  3465.20  6024.05  4427.32 0 0 0 0 0
1035241.41  3462.19  6012.88  4421.46 0 0 0 0 0
1052787.88  3459.18  6001.70  4415.68 0 0 0 0 0
1070334.34  3456.16  5990.52  4409.98 0 0 0 0 0
1087880.81  3453.16  5979.33  4404.36 0 0 0 0 0
1105427.27  3450.15  5968.13  4398.81 0 0 0 0 0
1122973.74  3447.15  5956.93  4393.35 0 0 0 0 0
1140520.20  3444.15  5945.72  4387.97 0 0 0 0 0
1158066.67  3441.15  5934.50  4382.66 0 0 0 0 0
1175613.13  3438.16  5923.27  4377.44 0 0 0 0 0
1193159.60  3435.16  5912.03  4372.29 0 0 0 0 0
1210706.06  3432.17  5900.78  4367.23 0 0 0 0 0
1228252.53  3429.18  5889.52  4362.25 0 0 0 0 0
1245798.99  3426.19  5878.25  4357.35 0 0 0 0 0
1263345.46  3423.21  5866.97  4352.53 0 0 0 0 0
1280891.92  3420.23  5855.66  4347.80 0 0 0 0 0
1298438.38  3417.24  5844.35  4343.14 0 0 0 0 0
1315984.85  3414.26  5833.02  4338.57 0 0 0 0 0
1333531.31  3411.28  5821.66  4334.08 0 0 0 0 0
1351077.78  3408.30  5810.29  4329.67 0 0 0 0 0
1368624.24  3405.32  5798.89  4325.35 0 0 0 0 0
1386170.71  3402.33  5787.47  4321.10 0 0 0 0 0
1403717.17  3399.35  5776.02  4316.94 0 0 0 0 0
1421263.64  3396.37  5764.54  4312.86 0 0 0 0 0
1438810.10  3393.38  5753.03  4308.86 0 0 0 0 0
1456356.57  3390.39  5741.48  4304.94 0 0 0 0 0
1473903.03  3387.39  5729.89  4301.11 0 0 0 0 0
1491449.49  3384.39  5718.26  4297.35 0 0 0 0 0
1508995.96  3381.39  5706.58  4293.67 0 0 0 0 0
1526542.42  3378.38  5694.85  4290.07 0 0 0 0 0
1544088.89  3375.37  5683.07  4286.55 0 0 0 0 0
1561635.35  3372.35  5671.23  4283.11 0 0 0 0 0
1579181.82  3369.32  5659.33  4279.74 0 0 0 0 0
1596728.28  3366.28  5647.36  4276.46 0 0 0 0 0
1614274.75  3363.23  5635.32  4273.25 0 0 0 0 0
1631821.21  3360.17  5623.22  4270.12 0 0 0 0 0
1649367.68  3357.11  5611.03  4267.06 0 0 0 0 0
1666914.14  3354.02  5598.74  4264.07 0 0 0 0 0
1684460.61  3350.92  5586.33  4261.15 0 0 0 0 0
1702007.07  2864.25  5194.30  3617.15 0 0 0 0 0
1719553.54  2861.69  5175.04  3615.63 0 0 0 0 0
1737100.00  2857.05  5160.02  3612.30 0 0 0 0 0
