#
0 0 1 1
101 0 20
      0.00  5141.92  3863.00     0.00 0 0 0 0 0
  17546.46  5141.61  3862.54     0.00 0 0 0 0 0
  35092.93  5141.17  3861.89     0.00 0 0 0 0 0
  52639.39  5140.60  3861.05     0.00 0 0 0 0 0
  70185.86  5139.91  3860.03     0.00 0 0 0 0 0
  87732.32  5139.09  3858.82     0.00 0 0 0 0 0
 105278.79  5138.15  3857.43     0.00 0 0 0 0 0
 122825.25  5137.09  3855.87     0.00 0 0 0 0 0
 140371.72  5135.91  3854.12     0.00 0 0 0 0 0
 157918.18  5134.61  3852.20     0.00 0 0 0 0 0
 175464.65  5133.19  3850.11     0.00 0 0 0 0 0
 193011.11  5131.66  3847.84     0.00 0 0 0 0 0
 210557.58  5130.00  3845.39     0.00 0 0 0 0 0
 228104.04  5128.23  3842.78     0.00 0 0 0 0 0
 245650.50  5126.35  3840.00     0.00 0 0 0 0 0
 263196.97  5124.35  3837.05     0.00 0 0 0 0 0
 280743.43  5122.23  3833.93     0.00 0 0 0 0 0
 298289.90  5120.02  3830.67     0.00 0 0 0 0 0
 315836.36  5117.64  3827.15     0.00 0 0 0 0 0
 333382.83  5117.64  3827.15     0.00 0 0 0 0 0
 333382.83  3595.29  6150.66  3919.34 0 0 0 0 0
 350929.29  3592.72  6141.83  3912.43 0 0 0 0 0
 368475.76  3590.10  6132.81  3905.35 0 0 0 0 0
 386022.22  3587.47  6123.73  3898.23 0 0 0 0 0
 403568.69  3584.81  6114.55  3891.03 0 0 0 0 0
 421115.15  3582.14  6105.28  3883.76 0 0 0 0 0
 438661.62  3579.45  6095.92  3876.43 0 0 0 0 0
 456208.08  3576.74  6086.48  3869.03 0 0 0 0 0
 473754.54  3574.01  6076.97  3861.56 0 0 0 0 0
 491301.01  3551.52  6339.01  4630.92 0 0 0 0 0
 508847.47  3548.74  6329.00  4623.31 0 0 0 0 0
 526393.94  3545.96  6318.94  4615.75 0 0 0 0 0
 543940.40  3543.16  6308.84  4608.24 0 0 0 0 0
 561486.87  3540.36  6298.70  4600.78 0 0 0 0 0
 579033.33  3537.54  6288.51  4593.36 0 0 0 0 0
 596579.80  3534.71  6278.29  4586.00 0 0 0 0 0
 614126.26  3531.88  6268.02  4578.69 0 0 0 0 0
 631672.73  3529.03  6257.72  4571.43 0 0 0 0 0
 649219.19  3526.18  6247.38  4564.22 0 0 0 0 0
 666765.66  3523.32  6237.01  4557.07 0 0 0 0 0
 684312.12  3520.46  6226.59  4549.98 0 0 0 0 0
 701858.59  3517.58  6216.15  4542.94 0 0 0 0 0
 719405.05  3514.70  6205.67  4535.97 0 0 0 0 0
 736951.52  3511.81  6195.16  4529.05 0 0 0 0 0
 754497.98  3508.92  6184.61  4522.19 0 0 0 0 0
 772044.44  3506.02  6174.03  4515.39 0 0 0 0 0
 789590.91  3503.11  6163.42  4508.65 0 0 0 0 0
 807137.37  3500.19  6152.78  4501.97 0 0 0 0 0
 824683.84  3497.28  6142.11  4495.36 0 0 0 0 0
 842230.30  3494.35  6131.41  4488.81 0 0 0 0 0
 859776.77  3491.43  6120.68  4482.32 0 0 0 0 0
 877323.23  3488.49  6109.92  4475.90 0 0 0 0 0
 894869.70  3485.55  6099.14  4469.55 0 0 0 0 0
 912416.16  3482.61  6088.32  4463.26 0 0 0 0 0
 929962.63  3479.67  6077.48  4457.04 0 0 0 0 0
 947509.09  3476.72  6066.62  4450.88 0 0 0 0 0
 965055.56  3473.76  6055.72  4444.80 0 0 0 0 0
 982602.02  3470.80  6044.80  4438.78 0 0 0 0 0
1000148.48  3467.84  6033.85  4432.84 0 0 0 0 0
1017694.95  3464.88  6022.88  4426.96 0 0 0 0 0
1035241.41  3461.91  6011.88  4421.16 0 0 0 0 0
1052787.88  3458.94  6000.86  4415.43 0 0 0 0 0
1070334.34  3455.97  5989.81  4409.77 0 0 0 0 0
1087880.81  3452.99  5978.74  4404.18 0 0 0 0 0
1105427.27  3450.02  5967.64  4398.67 0 0 0 0 0
1122973.74  3447.04  5956.52  4393.23 0 0 0 0 0
1140520.20  3444.05  5945.37  4387.86 0 0 0 0 0
1158066.67  3441.07  5934.20  4382.57 0 0 0 0 0
1175613.13  3438.08  5923.01  4377.36 0 0 0 0 0
1193159.60  3435.09  5911.78  4372.22 0 0 0 0 0
1210706.06  3432.11  5900.54  4367.16 0 0 0 0 0
1228252.53  3429.11  5889.27  4362.17 0 0 0 0 0
1245798.99  3426.12  5877.97  4357.27 0 0 0 0 0
1263345.46  3423.12  5866.65  4352.44 0 0 0 0 0
1280891.92  3420.13  5855.31  4347.69 0 0 0 0 0
1298438.38  3417.13  5843.93  4343.02 0 0 0 0 0
1315984.85  3414.13  5832.53  4338.43 0 0 0 0 0
1333531.31  3411.13  5821.11  4333.92 0 0 0 0 0
1351077.78  3408.13  5809.66  4329.49 0 0 0 0 0
1368624.24  3405.13  5798.18  4325.14 0 0 0 0 0
1386170.71  3402.12  5786.68  4320.87 0 0 0 0 0
1403717.17  3399.12  5775.14  4316.68 0 0 0 0 0
1421263.64  3396.11  5763.58  4312.58 0 0 0 0 0
1438810.10  3393.11  5751.99  4308.56 0 0 0 0 0
1456356.57  3390.10  5740.36  4304.62 0 0 0 0 0
1473903.03  3387.09  5728.71  4300.76 0 0 0 0 0
1491449.49  3384.08  5717.02  4296.99 0 0 0 0 0
1508995.96  3381.06  5705.31  4293.30 0 0 0 0 0
1526542.42  3378.05  5693.55  4289.69 0 0 0 0 0
1544088.89  3375.03  5681.76  4286.17 0 0 0 0 0
1561635.35  3372.02  5669.94  4282.74 0 0 0 0 0
1579181.82  3369.00  5658.08  4279.39 0 0 0 0 0
1596728.28  3365.98  5646.18  4276.12 0 0 0 0 0
1614274.75  3362.96  5634.24  4272.94 0 0 0 0 0
1631821.21  3359.93  5622.26  4269.84 0 0 0 0 0
1649367.68  3356.91  5610.23  4266.83 0 0 0 0 0
1666914.14  3353.88  5598.16  4263.91 0 0 0 0 0
1684460.61  3350.84  5586.03  4261.07 0 0 0 0 0
1702007.07  2864.23  5166.13  3617.13 0 0 0 0 0
1719553.54  2861.81  5178.10  3615.74 0 0 0 0 0
1737100.00  2857.05  5160.02  3612.30 0 0 0 0 0
