#
0 0 1 1
101 0 20
      0.00  7941.70  4235.06  3401.85 0 0 0 0 0
  17546.46  7940.70  4234.01  3400.72 0 0 0 0 0
  35092.93  7939.48  4232.74  3399.36 0 0 0 0 0
  52639.39  7938.06  4231.25  3397.75 0 0 0 0 0
  70185.86  7936.43  4229.55  3395.92 0 0 0 0 0
  87732.32  7934.61  4227.65  3393.86 0 0 0 0 0
 105278.79  7932.59  4225.53  3391.58 0 0 0 0 0
 122825.25  7930.38  4223.22  3389.09 0 0 0 0 0
 140371.72  7927.98  4220.71  3386.39 0 0 0 0 0
 157918.18  7925.40  4218.02  3383.47 0 0 0 0 0
 175464.65  7922.64  4215.13  3380.36 0 0 0 0 0
 193011.11  7919.70  4212.06  3377.05 0 0 0 0 0
 210557.58  7916.60  4208.81  3373.54 0 0 0 0 0
 228104.04  7913.32  4205.38  3369.84 0 0 0 0 0
 245650.50  7909.88  4201.78  3365.95 0 0 0 0 0
 263196.97  7906.28  4198.02  3361.88 0 0 0 0 0
 280743.43  7902.51  4194.07  3357.62 0 0 0 0 0
 298289.90  7898.63  4190.01  3353.23 0 0 0 0 0
 315836.36  7894.41  4185.59  3348.46 0 0 0 0 0
 333382.83  7894.41  4185.59  3348.46 0 0 0 0 0
 333382.83  3601.97  6175.64  3941.38 0 0 0 0 0
 350929.29  3599.24  6166.24  3933.96 0 0 0 0 0
 368475.76  3596.39  6156.37  3926.14 0 0 0 0 0
 386022.22  3593.55  6146.52  3918.35 0 0 0 0 0
 403568.69  3590.68  6136.54  3910.45 0 0 0 0 0
 421115.15  3587.79  6126.49  3902.50 0 0 0 0 0
 438661.62  3584.89  6116.35  3894.48 0 0 0 0 0
 456208.08  3581.96  6106.13  3886.39 0 0 0 0 0
 473754.54  3579.02  6095.83  3878.25 0 0 0 0 0
 491301.01  3555.80  6353.53  4635.38 0 0 0 0 0
 508847.47  3552.84  6342.91  4627.59 0 0 0 0 0
 526393.94  3549.87  6332.25  4619.85 0 0 0 0 0
 543940.40  3546.89  6321.56  4612.15 0 0 0 0 0
 561486.87  3543.91  6310.82  4604.51 0 0 0 0 0
 579033.33  3540.91  6300.06  4596.91 0 0 0 0 0
 596579.80  3537.91  6289.26  4589.37 0 0 0 0 0
 614126.26  3534.91  6278.43  4581.89 0 0 0 0 0
 631672.73  3531.90  6267.57  4574.46 0 0 0 0 0
 649219.19  3528.88  6256.69  4567.08 0 0 0 0 0
 666765.66  3525.87  6245.78  4559.77 0 0 0 0 0
 684312.12  3522.84  6234.85  4552.52 0 0 0 0 0
 701858.59  3519.82  6223.89  4545.32 0 0 0 0 0
 719405.05  3516.79  6212.92  4538.19 0 0 0 0 0
 736951.52  3513.76  6201.93  4531.12 0 0 0 0 0
 754497.98  3510.73  6190.91  4524.12 0 0 0 0 0
 772044.44  3507.69  6179.89  4517.18 0 0 0 0 0
 789590.91  3504.66  6168.85  4510.31 0 0 0 0 0
 807137.37  3501.63  6157.79  4503.51 0 0 0 0 0
 824683.84  3498.59  6146.72  4496.77 0 0 0 0 0
 842230.30  3495.56  6135.64  4490.10 0 0 0 0 0
 859776.77  3492.52  6124.55  4483.51 0 0 0 0 0
 877323.23  3489.49  6113.44  4476.98 0 0 0 0 0
 894869.70  3486.46  6102.33  4470.52 0 0 0 0 0
 912416.16  3483.43  6091.21  4464.14 0 0 0 0 0
 929962.63  3480.40  6080.08  4457.83 0 0 0 0 0
 947509.09  3477.37  6068.94  4451.59 0 0 0 0 0
 965055.56  3474.34  6057.79  4445.43 0 0 0 0 0
 982602.02  3471.32  6046.64  4439.34 0 0 0 0 0
1000148.48  3468.30  6035.48  4433.33 0 0 0 0 0
1017694.95  3465.28  6024.32  4427.40 0 0 0 0 0
1035241.41  3462.26  6013.14  4421.54 0 0 0 0 0
1052787.88  3459.25  6001.96  4415.76 0 0 0 0 0
1070334.34  3456.24  5990.78  4410.06 0 0 0 0 0
1087880.81  3453.23  5979.59  4404.44 0 0 0 0 0
1105427.27  3450.22  5968.39  4398.89 0 0 0 0 0
1122973.74  3447.22  5957.18  4393.43 0 0 0 0 0
1140520.20  3444.22  5945.97  4388.04 0 0 0 0 0
1158066.67  3441.22  5934.75  4382.74 0 0 0 0 0
1175613.13  3438.22  5923.52  4377.51 0 0 0 0 0
1193159.60  3435.23  5912.28  4372.37 0 0 0 0 0
1210706.06  3432.24  5901.03  4367.31 0 0 0 0 0
1228252.53  3429.25  5889.77  4362.32 0 0 0 0 0
1245798.99  3426.26  5878.50  4357.42 0 0 0 0 0
1263345.46  3423.28  5867.21  4352.61 0 0 0 0 0
1280891.92  3420.29  5855.91  4347.87 0 0 0 0 0
1298438.38  3417.31  5844.60  4343.22 0 0 0 0 0
1315984.85  3414.33  5833.26  4338.64 0 0 0 0 0
1333531.31  3411.35  5821.91  4334.15 0 0 0 0 0
1351077.78  3408.36  5810.54  4329.75 0 0 0 0 0
1368624.24  3405.38  5799.14  4325.42 0 0 0 0 0
1386170.71  3402.40  5787.72  4321.18 0 0 0 0 0
1403717.17  3399.42  5776.27  4317.02 0 0 0 0 0
1421263.64  3396.43  5764.79  4312.93 0 0 0 0 0
1438810.10  3393.44  5753.28  4308.94 0 0 0 0 0
1456356.57  3390.45  5741.73  4305.02 0 0 0 0 0
1473903.03  3387.46  5730.14  4301.18 0 0 0 0 0
1491449.49  3384.46  5718.51  4297.42 0 0 0 0 0
1508995.96  3381.46  5706.83  4293.74 0 0 0 0 0
1526542.42  3378.45  5695.11  4290.14 0 0 0 0 0
1544088.89  3375.43  5683.33  4286.62 0 0 0 0 0
1561635.35  3372.41  5671.49  4283.18 0 0 0 0 0
1579181.82  3369.38  5659.59  4279.82 0 0 0 0 0
1596728.28  3366.34  5647.62  4276.53 0 0 0 0 0
1614274.75  3363.30  5635.59  4273.32 0 0 0 0 0
1631821.21  3360.24  5623.48  4270.19 0 0 0 0 0
1649367.68  3357.17  5611.29  4267.13 0 0 0 0 0
1666914.14  3354.09  5599.00  4264.15 0 0 0 0 0
1684460.61  3350.98  5586.60  4261.23 0 0 0 0 0
1702007.07  2864.32  5168.99  3617.21 0 0 0 0 0
1719553.54  2861.78  5188.20  3615.71 0 0 0 0 0
1737100.00  2857.05  5160.02  3612.30 0 0 0 0 0
