#
0 0 1 1
101 0 20
      0.00  5141.28  3862.06     0.00 0 0 0 0 0
  17546.46  5140.97  3861.59     0.00 0 0 0 0 0
  35092.93  5140.52  3860.94     0.00 0 0 0 0 0
  52639.39  5139.96  3860.10     0.00 0 0 0 0 0
  70185.86  5139.26  3859.07     0.00 0 0 0 0 0
  87732.32  5138.45  3857.87     0.00 0 0 0 0 0
 105278.79  5137.51  3856.48     0.00 0 0 0 0 0
 122825.25  5136.45  3854.91     0.00 0 0 0 0 0
 140371.72  5135.27  3853.17     0.00 0 0 0 0 0
 157918.18  5133.97  3851.25     0.00 0 0 0 0 0
 175464.65  5132.55  3849.15     0.00 0 0 0 0 0
 193011.11  5131.01  3846.89     0.00 0 0 0 0 0
 210557.58  5129.36  3844.45     0.00 0 0 0 0 0
 228104.04  5127.59  3841.84     0.00 0 0 0 0 0
 245650.50  5125.71  3839.06     0.00 0 0 0 0 0
 263196.97  5123.72  3836.12     0.00 0 0 0 0 0
 280743.43  5121.60  3833.00     0.00 0 0 0 0 0
 298289.90  5119.39  3829.74     0.00 0 0 0 0 0
 315836.36  5117.01  3826.23     0.00 0 0 0 0 0
 333382.83  5117.01  3826.23     0.00 0 0 0 0 0
 333382.83  3575.70  6426.15  4700.93 0 0 0 0 0
 350929.29  3573.07  6416.68  4693.02 0 0 0 0 0
 368475.76  3570.40  6407.07  4685.10 0 0 0 0 0
 386022.22  3567.72  6397.43  4677.22 0 0 0 0 0
 403568.69  3565.02  6387.72  4669.38 0 0 0 0 0
 421115.15  3562.31  6377.95  4661.57 0 0 0 0 0
 438661.62  3559.59  6368.14  4653.80 0 0 0 0 0
 456208.08  3556.85  6358.27  4646.07 0 0 0 0 0
 473754.54  3554.10  6348.36  4638.37 0 0 0 0 0
 491301.01  3551.34  6338.39  4630.73 0 0 0 0 0
 508847.47  3548.56  6328.38  4623.12 0 0 0 0 0
 526393.94  3545.78  6318.33  4615.56 0 0 0 0 0
 543940.40  3542.98  6308.23  4608.05 0 0 0 0 0
 561486.87  3540.18  6298.09  4600.59 0 0 0 0 0
 579033.33  3537.36  6287.91  4593.17 0 0 0 0 0
 596579.80  3534.54  6277.68  4585.81 0 0 0 0 0
 614126.26  3531.70  6267.42  4578.50 0 0 0 0 0
 631672.73  3528.86  6257.12  4571.24 0 0 0 0 0
 649219.19  3526.01  6246.78  4564.04 0 0 0 0 0
 666765.66  3523.15  6236.41  4556.89 0 0 0 0 0
 684312.12  3520.28  6226.00  4549.80 0 0 0 0 0
 701858.59  3517.41  6215.56  4542.76 0 0 0 0 0
 719405.05  3514.53  6205.08  4535.79 0 0 0 0 0
 736951.52  3511.64  6194.57  4528.87 0 0 0 0 0
 754497.98  3508.75  6184.02  4522.01 0 0 0 0 0
 772044.44  3505.85  6173.45  4515.21 0 0 0 0 0
 789590.91  3502.94  6162.84  4508.47 0 0 0 0 0
 807137.37  3500.03  6152.20  4501.79 0 0 0 0 0
 824683.84  3497.11  6141.53  4495.18 0 0 0 0 0
 842230.30  3494.19  6130.83  4488.63 0 0 0 0 0
 859776.77  3491.26  6120.11  4482.15 0 0 0 0 0
 877323.23  3488.33  6109.35  4475.73 0 0 0 0 0
 894869.70  3485.39  6098.56  4469.37 0 0 0 0 0
 912416.16  3482.45  6087.75  4463.08 0 0 0 0 0
 929962.63  3479.50  6076.91  4456.86 0 0 0 0 0
 947509.09  3476.56  6066.05  4450.71 0 0 0 0 0
 965055.56  3473.60  6055.15  4444.63 0 0 0 0 0
 982602.02  3470.64  6044.23  4438.61 0 0 0 0 0
1000148.48  3467.68  6033.29  4432.67 0 0 0 0 0
1017694.95  3464.72  6022.31  4426.79 0 0 0 0 0
1035241.41  3461.75  6011.32  4420.99 0 0 0 0 0
1052787.88  3458.78  6000.29  4415.26 0 0 0 0 0
1070334.34  3455.81  5989.25  4409.59 0 0 0 0 0
1087880.81  3452.84  5978.17  4404.01 0 0 0 0 0
1105427.27  3449.86  5967.08  4398.49 0 0 0 0 0
1122973.74  3446.88  5955.95  4393.06 0 0 0 0 0
1140520.20  3443.90  5944.81  4387.69 0 0 0 0 0
1158066.67  3440.91  5933.63  4382.40 0 0 0 0 0
1175613.13  3437.93  5922.43  4377.18 0 0 0 0 0
1193159.60  3434.94  5911.21  4372.05 0 0 0 0 0
1210706.06  3431.95  5899.96  4366.98 0 0 0 0 0
1228252.53  3428.96  5888.69  4362.00 0 0 0 0 0
1245798.99  3425.96  5877.39  4357.09 0 0 0 0 0
1263345.46  3422.97  5866.07  4352.27 0 0 0 0 0
1280891.92  3419.97  5854.72  4347.52 0 0 0 0 0
1298438.38  3416.97  5843.35  4342.84 0 0 0 0 0
1315984.85  3413.98  5831.95  4338.25 0 0 0 0 0
1333531.31  3410.97  5820.52  4333.74 0 0 0 0 0
1351077.78  3407.97  5809.07  4329.31 0 0 0 0 0
1368624.24  3404.97  5797.59  4324.96 0 0 0 0 0
1386170.71  3401.97  5786.08  4320.69 0 0 0 0 0
1403717.17  3398.96  5774.54  4316.51 0 0 0 0 0
1421263.64  3395.96  5762.98  4312.40 0 0 0 0 0
1438810.10  3392.95  5751.38  4308.38 0 0 0 0 0
1456356.57  3389.94  5739.76  4304.44 0 0 0 0 0
1473903.03  3386.93  5728.10  4300.58 0 0 0 0 0
1491449.49  3383.92  5716.41  4296.81 0 0 0 0 0
1508995.96  3380.90  5704.69  4293.12 0 0 0 0 0
1526542.42  3377.89  5692.93  4289.51 0 0 0 0 0
1544088.89  3374.87  5681.14  4285.99 0 0 0 0 0
1561635.35  3371.86  5669.30  4282.55 0 0 0 0 0
1579181.82  3368.84  5657.44  4279.20 0 0 0 0 0
1596728.28  3365.82  5645.53  4275.93 0 0 0 0 0
1614274.75  3362.79  5633.59  4272.75 0 0 0 0 0
1631821.21  3359.77  5621.61  4269.66 0 0 0 0 0
1649367.68  3356.75  5609.59  4266.65 0 0 0 0 0
1666914.14  3353.72  5597.51  4263.73 0 0 0 0 0
1684460.61  3350.68  5585.36  4260.88 0 0 0 0 0
1702007.07  2864.07  5192.27  3616.98 0 0 0 0 0
1719553.54  2861.59  5182.31  3615.54 0 0 0 0 0
1737100.00  2857.05  5160.02  3612.30 0 0 0 0 0
